1	1984
1	1754
0	174
0	2552
0	2217
0	2296
1	1281
0	2084
1	1910
0	1062
1	355
0	1533
0	1452
1	2227
0	600
0	2014
0	1906
0	1075
1	2197
1	1947
1	1232
1	1254
1	2271
1	667
0	1878
0	2715
0	1014
1	3992
1	4038
1	4054
1	4022
1	4037
0	46
0	1159
0	559
0	2239
1	4070
1	4068
1	4005
0	4046
1	4051
1	3999
0	4066
1	4067
1	4036
1	4040
1	2768
0	4058
0	4052
1	4008
1	4026
1	5048
1	3716
0	4013
0	2620
1	2591
0	2955
1	4003
1	4050
1	4020
0	4014
1	4007
0	4044
1	4035
1	4063
0	4057
1	4061
0	4042
0	4043
1	3985
1	4034
0	4069
1	4608
1	4389
1	4580
0	4550
0	3401
1	4542
0	3705
0	3689
1	4457
1	3364
1	4520
0	3376
1	3223
0	4518
1	3313
1	3295
1	1570
0	4445
0	4613
1	886
0	5022
1	676
1	1571
0	3886
1	2265
0	2567
0	2005
0	2623
1	2184
1	654
1	2119
0	2091
0	1165
1	1585
1	1582
1	1577
1	1552
1	1603
0	2173
0	4597
0	2169
0	2185
0	1224
0	1825
1	1193
1	3320
0	1217
0	1536
1	5202
0	1781
0	1861
0	2033
0	2413
0	4565
1	1148
1	1089
1	1972
0	993
1	1798
0	1282
1	1251
1	1213
1	2511
0	2099
1	2615
1	3123
0	3161
1	2645
1	2433
1	1031
1	1192
1	2956
1	1633
0	1723
1	1739
1	3909
0	3925
1	3867
0	3914
1	1828
1	806
1	2495
1	1884
0	1764
0	343
1	458
1	2067
1	2512
1	2695
0	737
1	2447
0	2519
0	2453
1	1642
1	409
0	3160
1	1874
1	2341
0	968
1	698
1	1191
0	3396
1	1641
1	1805
1	1967
0	805
1	2134
1	3201
1	2242
0	1661
1	1407
0	2039
0	2492
1	248
0	2302
0	1327
0	2118
1	2600
1	2564
1	2183
0	2238
0	927
1	849
0	1711
1	1898
1	1893
0	1320
1	1692
1	1647
1	2516
1	697
0	1994
1	1178
0	2107
0	1527
1	2266
1	1172
1	2178
0	4512
1	4606
0	1804
0	2267
1	1835
0	2079
1	2617
1	2852
0	1855
1	2054
1	3262
1	5197
1	2557
1	1504
1	2093
0	1471
1	4602
1	4564
1	2387
1	243
1	1879
1	1660
1	27
1	1649
0	5057
1	1625
0	2155
1	1788
1	1099
1	1624
1	2152
1	2166
1	1011
1	2629
1	1147
1	574
0	1072
1	2966
1	1079
0	5073
1	2601
1	2452
0	1430
1	513
1	1388
1	2529
0	482
1	1992
1	1576
1	1503
1	986
0	1442
1	1779
1	2089
1	1414
0	275
0	2312
0	621
1	180
1	1945
1	2647
0	4129
1	4148
0	4199
0	4173
1	4154
0	4156
1	4166
0	5168
1	3084
1	4158
1	4515
1	4492
0	4443
1	4506
0	495
1	2445
0	1929
1	1403
1	1656
0	1015
1	1638
0	1731
0	1449
1	1845
1	2614
0	1387
1	2481
1	2466
1	1002
1	2594
1	2247
1	2471
1	1822
1	1589
1	357
1	1250
1	1493
0	4721
1	1623
1	1956
0	251
0	2382
0	2222
0	534
1	1966
0	3852
1	1971
1	1455
1	1672
1	4454
1	4514
1	1581
1	2402
1	2479
1	2575
1	2627
0	3333
1	134
1	5473
1	3220
1	3336
1	1326
1	936
1	1752
1	3694
1	1164
0	2263
1	2631
1	2563
1	2551
1	1333
0	1386
1	2694
0	1710
1	86
1	279
1	723
1	179
1	4570
1	3697
0	4615
0	4458
1	4491
1	59
1	465
0	4505
1	3146
0	3178
1	3057
1	3102
0	4513
1	4563
0	3088
0	5230
1	3093
1	1532
1	4527
0	4239
0	3904
1	4486
1	4740
1	839
1	2356
0	2351
0	854
0	4524
1	926
1	3551
1	2088
0	833
1	5227
0	2004
1	1509
1	992
0	3285
1	848
1	2580
0	2047
1	2098
1	771
1	4528
0	4455
0	408
1	1332
1	3778
0	5341
1	5234
0	4584
1	3334
0	2858
0	3332
0	4566
0	2950
1	4596
1	4568
1	3378
1	306
1	2896
1	4577
1	4529
1	4519
1	1211
0	3137
1	3350
0	4581
1	4447
0	3921
1	341
1	322
1	3574
1	2572
1	4452
1	2066
0	2300
1	423
1	1013
1	2446
0	1951
1	3684
1	2556
1	1631
0	990
0	1330
1	4617
0	232
1	491
1	681
1	1229
1	1728
0	1396
1	2336
1	2046
0	2032
0	2135
0	1128
0	756
0	2626
1	2365
1	875
1	2890
1	2870
1	2590
0	912
0	2366
1	1460
1	1265
1	381
1	1124
0	191
1	1324
1	2228
1	2459
1	779
0	2497
1	223
0	1339
1	1305
1	2375
1	297
1	2592
0	1525
0	2430
1	844
1	2324
1	2613
0	1818
1	222
1	485
1	509
1	1922
0	784
1	2251
1	1393
1	1470
1	1264
1	430
1	666
1	2069
1	2001
1	1400
1	817
1	1841
1	647
0	830
1	1605
1	2285
1	1985
1	1691
1	2042
1	1023
1	3377
1	515
1	1161
1	2398
1	836
0	69
0	2403
1	550
1	1053
1	718
1	2374
0	895
1	2325
1	2327
1	2723
0	525
0	646
0	2250
1	1806
0	2566
0	1808
1	1384
1	2133
1	2515
1	1696
0	1030
1	2431
1	2422
1	645
1	1370
1	829
1	4610
1	2322
1	2053
0	2070
0	1383
1	999
1	420
1	1179
1	944
1	794
0	977
0	2598
1	1993
0	1761
1	4517
1	2728
1	45
1	1311
1	985
1	5309
1	439
1	2062
1	611
1	1197
1	1170
1	1567
0	1317
1	1446
1	1559
1	1695
1	366
0	1942
0	584
1	2022
1	950
0	4490
1	4474
1	4523
1	2847
1	2506
1	776
1	664
1	1920
1	733
1	1604
0	531
1	2140
0	2426
1	1399
1	1566
1	1107
1	2467
1	732
1	1102
1	2463
1	449
1	2909
1	3234
0	2693
1	2830
0	2641
0	2377
0	2369
0	2606
0	2391
1	2362
1	2636
1	4593
1	4485
0	4487
1	1463
1	2475
1	2450
1	971
1	1169
1	1196
1	1241
1	1280
1	1718
1	4723
0	499
1	1919
0	2167
1	1857
1	1314
1	2465
1	1599
1	1614
0	1531
1	862
1	419
0	706
1	1681
1	2540
0	557
1	2396
0	2502
1	2435
1	2539
1	1186
1	2957
1	2421
1	2531
1	1249
1	2429
1	4471
1	4607
1	554
1	2444
1	660
1	970
1	1365
0	1847
1	4540
1	2854
1	2703
1	2745
1	2744
1	2938
0	2781
0	2736
0	2959
1	2743
1	2846
1	4263
1	2767
0	2748
1	2814
1	2904
0	2976
1	4355
1	3506
1	52
0	5115
1	5116
1	5118
1	5119
0	853
1	2245
1	2943
1	2964
1	2759
1	5225
0	1043
1	589
1	488
0	288
1	2401
1	2406
1	2385
0	1029
1	1379
0	2130
1	2147
0	588
0	2503
0	1423
0	263
1	2104
0	1989
1	255
1	908
0	549
1	1785
1	5214
1	674
1	2455
0	1445
1	2634
1	1800
1	1963
1	2476
1	1558
0	1663
1	1038
1	659
0	583
0	861
0	1096
0	539
0	1006
0	2412
0	2979
1	2417
1	2442
1	2530
1	2220
1	2207
1	2187
1	2521
1	2610
1	1670
1	788
0	4453
1	1440
0	2609
0	717
0	2486
1	498
1	2255
1	1539
1	1612
1	1510
1	1185
1	1634
1	319
1	1451
1	5232
1	1382
1	332
1	1741
1	1854
1	700
1	1184
0	1686
0	2542
1	960
1	1364
1	2547
1	2434
1	842
0	2288
1	1580
1	1321
1	979
1	169
0	2231
1	2307
1	2505
1	1325
1	683
1	2035
1	1480
0	1429
1	2528
0	1497
1	868
0	2954
1	3683
1	942
1	1613
1	1610
1	1813
0	1189
1	2086
0	1928
1	624
1	166
1	2448
1	2274
1	634
1	3775
1	1129
1	2820
0	764
1	5196
1	4504
1	4589
1	4587
1	3652
1	1040
0	108
1	4755
1	260
1	2407
1	84
1	214
0	116
1	175
1	856
0	911
1	704
1	551
1	4569
1	783
1	338
1	407
1	456
1	5060
1	480
1	284
1	1632
1	1066
0	2469
0	96
1	1344
1	1187
1	1931
1	1868
1	629
1	2009
1	320
1	1648
1	1682
1	2478
0	2472
0	2588
1	1441
1	462
1	228
0	2380
1	1225
0	1517
1	36
1	2043
1	1842
0	172
1	1797
1	182
1	340
1	1678
1	171
1	412
1	1834
1	2055
0	1938
1	450
1	1774
1	2372
1	2361
1	2390
1	2607
1	2368
1	2378
1	2642
0	461
1	874
1	451
0	1746
1	1812
1	1870
0	1464
0	1996
1	1831
1	1944
1	2409
1	3087
1	846
0	2323
1	2328
1	1416
1	479
1	1937
1	1303
0	305
1	2194
1	2290
1	1371
1	2558
0	964
1	1735
1	741
1	572
1	77
1	1489
0	1869
0	442
1	2504
1	2544
1	2548
1	1488
1	2138
1	4489
1	4618
0	2525
0	2522
1	4562
1	2494
0	1573
1	489
1	1108
0	2912
1	2191
0	1273
1	429
1	873
1	378
0	2427
1	1275
1	1349
1	2002
0	2632
1	1209
0	1702
0	2618
1	1180
1	4571
1	4183
1	736
1	1811
1	1796
1	2060
0	196
1	2112
1	1260
1	2270
0	1976
0	2611
1	837
1	143
1	1568
0	63
0	883
1	2226
1	334
1	963
0	185
0	264
1	2371
1	1516
1	3196
0	137
1	798
1	1484
1	1982
0	2148
1	1259
1	1298
1	353
1	1801
0	2918
0	3216
0	2561
1	540
1	2330
1	571
1	648
1	1844
1	1816
0	272
0	890
1	2233
1	1717
1	330
0	2482
0	2809
1	1742
1	1083
1	219
1	1009
0	2260
1	2063
1	1635
0	831
1	2605
1	1872
1	1272
1	2013
0	2408
1	19
1	1917
1	1793
1	789
1	227
1	2165
1	3237
1	1981
1	1619
1	2432
1	2157
1	142
1	797
0	932
1	1726
1	1550
1	1915
1	2020
1	240
1	781
1	2550
1	2464
1	2468
1	2545
1	1618
1	538
0	1965
1	902
1	4428
1	91
1	2201
1	673
1	239
1	1853
1	2321
0	3357
1	1427
0	625
1	2536
0	570
0	1459
1	199
1	478
1	787
1	672
0	1760
0	809
1	55
1	2219
1	4590
1	1028
1	1694
1	1381
1	1530
0	1140
1	339
1	1151
1	1669
0	2278
1	1483
1	226
1	748
1	2628
0	2272
1	318
1	2186
0	901
0	2181
0	1287
1	1253
1	2410
1	4545
1	4322
1	731
0	3305
0	3260
0	2972
0	4477
0	4559
1	4508
1	4466
1	3337
1	3338
1	3339
1	5484
1	1478
0	2108
0	152
1	1500
1	3818
0	18
1	1037
1	582
1	2127
1	2379
1	1477
0	505
0	2264
1	1524
1	1962
1	1940
1	2025
1	1792
1	1235
1	1005
1	823
1	2360
1	1271
1	907
1	2301
1	1248
0	693
1	1439
0	2399
1	2586
1	1392
0	1903
1	1716
1	2317
1	1052
0	898
1	2973
1	504
0	2625
1	923
0	141
1	2570
1	2280
1	1507
0	4501
1	685
1	1476
0	2939
1	1709
1	2449
0	2635
0	1378
1	969
0	959
1	82
1	448
0	2137
0	2244
1	841
1	1565
1	1458
1	1139
1	162
1	1136
1	2326
0	1875
0	360
1	1986
0	238
1	724
1	1144
1	387
1	2289
1	1395
1	1200
0	1784
1	1422
1	1734
1	2569
1	1373
0	2249
1	1930
1	1408
0	792
1	2016
1	1216
1	1222
1	1391
0	1114
1	801
1	1208
1	1228
0	1909
1	2158
1	2335
1	641
1	1795
1	254
1	329
1	2257
1	386
0	1438
1	1538
1	231
1	2253
0	2146
1	2273
1	1095
1	1890
1	1908
1	1082
1	1306
1	484
1	850
1	1770
1	1650
1	2110
1	136
1	1247
1	2177
1	1363
1	277
1	2100
1	427
0	692
1	2291
1	2240
1	768
0	1293
1	2077
1	2145
1	1437
0	1475
0	5539
1	663
1	1865
0	1864
1	438
0	1953
0	5529
1	726
1	406
1	869
1	1653
1	2202
1	1975
0	2287
1	460
1	211
1	1664
1	1707
1	294
0	333
0	4494
1	0
1	2347
1	3225
0	2344
1	4150
1	4469
1	5213
1	4551
1	4316
1	4557
1	4446
0	4465
1	94
0	4478
0	4448
1	190
1	4493
0	4488
1	4464
1	1629
1	2689
1	2058
1	3682
0	1135
0	3911
1	81
1	766
1	1348
1	859
1	2000
1	1905
1	1674
1	1432
1	1258
1	317
0	2041
1	2085
1	30
1	230
1	1549
1	2484
1	922
0	168
0	178
1	2232
1	262
0	640
1	1738
1	2313
1	418
1	2136
1	2299
1	639
1	280
1	894
1	2234
1	2277
1	2604
0	1343
1	1768
1	2644
1	735
1	1557
1	80
1	2579
1	1705
1	1639
1	2019
0	2405
0	4482
0	4578
1	1227
1	949
1	1840
1	1126
1	1887
1	1882
1	4555
1	4539
1	1073
1	1221
1	1310
1	1564
1	372
0	2193
1	958
1	1342
0	1436
1	1457
1	1556
1	1418
1	2122
1	1832
1	1575
1	1402
1	1118
1	1112
1	1771
1	1703
1	1892
1	511
1	109
1	307
1	233
1	925
1	1757
1	1955
1	2211
1	1239
1	120
1	1279
1	1897
1	2303
1	1970
0	991
0	906
1	1690
0	2397
1	2073
1	147
1	722
1	560
1	770
1	1323
1	671
1	1513
0	578
1	1745
1	197
1	1088
1	503
1	2342
1	2007
1	1941
1	2538
1	1733
1	2493
0	2320
1	4598
0	359
1	1765
1	13
1	371
1	820
1	502
1	931
1	2639
1	365
1	989
0	1036
1	1914
1	2298
0	1537
1	1826
1	1763
1	328
1	1070
0	865
1	5117
1	2577
0	1923
1	1677
1	1783
1	603
1	1514
0	1121
1	840
1	235
1	1586
1	1934
1	1794
1	988
1	2517
1	1563
1	2044
1	2942
1	1506
1	189
1	791
1	5359
1	4792
1	3995
1	2040
1	3432
1	4010
1	44
0	477
1	2048
1	2214
1	270
1	2116
1	1302
0	2338
1	40
1	384
0	616
1	957
0	487
1	501
1	4507
1	245
1	1778
1	1215
1	1863
1	2154
1	299
1	3606
1	5467
0	1974
1	269
1	2284
0	102
1	4456
0	2710
0	4460
0	3089
1	2719
1	4536
1	4463
1	4525
1	101
1	204
1	500
1	74
1	2224
1	808
1	1782
1	4734
0	3044
1	3567
0	3594
1	2704
1	2757
1	2718
0	2769
1	2687
1	2700
1	2667
1	2792
1	3755
1	3761
1	3766
0	569
1	486
1	4560
1	1830
0	2172
1	1120
1	1143
1	4553
1	1175
1	730
1	1398
1	2384
0	785
1	2499
1	4484
1	1174
1	1286
0	1444
1	2061
1	1362
0	2621
1	2534
1	441
1	4583
1	4592
1	3475
1	2018
1	1753
1	1
1	1554
1	576
1	2583
1	2523
1	1579
1	2028
1	2150
1	610
1	1390
1	154
1	1949
1	475
1	416
1	1968
1	627
1	807
1	1673
1	855
1	140
1	1309
1	468
0	2052
1	1960
1	1704
0	752
1	3294
1	286
1	568
1	310
1	1684
1	1544
1	921
1	350
1	2524
1	2045
0	872
1	29
1	2248
1	2414
1	523
1	2491
1	2461
1	1404
1	1959
1	1715
1	1019
1	1719
1	2189
1	1292
0	2400
0	2006
1	1160
1	1411
1	514
1	370
0	638
1	1499
0	1069
1	1572
1	1091
1	61
1	1958
1	1168
1	1481
1	1759
1	2200
1	930
1	1547
1	1775
0	2196
0	194
1	1543
1	2640
1	562
1	3328
1	1100
1	395
1	858
1	835
1	268
1	1270
1	1714
1	757
1	2437
1	229
1	3004
1	4546
1	4041
1	4468
1	1856
1	1166
1	1980
1	602
0	2532
1	1138
1	662
0	920
0	2581
1	2501
1	2428
1	304
1	556
1	209
0	2294
1	2643
1	1004
1	1732
1	2554
1	1611
1	28
0	2679
1	548
1	1899
1	1214
1	2180
0	1886
0	609
1	2262
1	745
1	2268
1	2269
1	208
1	1758
1	1628
1	1598
1	882
1	622
1	1913
1	253
0	331
1	303
0	760
1	1328
1	657
1	250
0	3091
1	1090
1	2582
1	2293
1	814
1	1680
1	1907
1	1542
1	1003
1	1456
1	1285
1	1957
1	2411
1	1885
1	1926
1	1461
1	893
1	405
1	100
1	813
1	2074
1	2218
1	1443
1	2011
1	643
1	1627
1	918
1	2490
1	2292
1	2068
1	2143
1	1081
0	1894
0	1737
1	1979
1	2175
1	1534
1	1496
1	1352
0	1858
1	2318
1	1491
0	4481
1	1924
1	528
0	1045
1	1667
1	1736
1	721
0	1827
1	1502
1	703
1	2457
1	1851
1	3693
1	2156
1	633
0	885
1	1157
0	5585
1	1776
1	2124
1	1751
1	2049
1	910
1	1900
1	1888
1	2498
1	4603
1	4582
1	2144
1	2159
1	945
1	1790
1	1574
1	2549
1	4595
1	696
1	1936
1	2646
0	4561
1	1353
1	2364
1	1699
1	323
1	1331
0	4350
1	3982
1	5490
1	457
1	2630
1	1336
1	973
1	1238
1	1340
1	2023
0	552
1	1065
0	2622
0	1896
1	2970
1	3253
1	2282
1	1802
1	1508
1	826
1	510
1	1308
1	1593
1	636
1	1803
1	946
1	2535
1	2608
1	324
1	1918
1	1350
1	151
1	2802
1	2794
1	2793
1	2849
1	3318
1	1098
0	298
1	434
1	399
1	2474
1	1426
0	1820
0	2120
1	2458
1	670
1	207
1	1592
1	2057
1	677
1	4933
1	1583
1	4999
1	2751
1	2836
1	4600
1	4554
1	3854
1	4472
1	4537
0	3634
1	4503
1	4730
1	4521
0	4538
1	4604
1	4500
0	4605
1	4594
1	1105
1	4473
1	4509
1	3526
0	1111
1	4459
1	4483
1	4549
1	4195
0	3022
1	4502
1	4533
1	2887
1	4574
1	4935
1	2872
1	5476
0	4575
1	2404
1	2015
1	1453
1	1646
1	2816
1	1852
1	1153
1	2376
1	431
1	3197
1	812
1	1522
1	1492
1	2309
0	1821
1	2370
1	1744
1	635
1	2423
1	1729
1	1301
1	2003
1	493
1	38
0	2415
1	2389
1	1749
1	1130
1	2603
0	1676
1	599
1	1518
1	617
1	1911
1	1766
1	2170
1	790
1	2537
1	1551
0	1318
1	2612
1	321
1	1294
1	1276
1	742
1	41
0	2560
1	761
0	1873
0	126
1	630
1	241
1	2573
1	940
1	1651
1	1074
1	469
1	1181
1	1569
1	4530
0	1137
1	1935
1	719
1	803
1	1687
1	762
1	1983
1	1501
1	2599
1	2602
1	2363
0	2616
1	1823
1	2237
1	2261
1	1054
1	295
1	1921
1	5485
1	347
1	57
1	884
1	1299
1	2051
1	1697
1	1242
1	2113
1	1713
1	818
1	1465
1	1997
1	1636
1	508
1	58
1	1727
1	1329
1	810
1	754
1	824
1	1152
1	1374
1	1024
1	1409
1	455
1	64
1	2585
1	3397
1	4467
1	389
1	604
1	281
1	695
1	1176
1	200
1	3738
1	3056
0	4496
1	37
1	2331
1	2064
1	2337
1	21
1	390
1	2850
1	3277
1	421
1	257
1	258
1	1767
1	1145
1	1809
1	2141
1	373
0	289
1	532
1	105
1	31
1	470
1	127
1	3308
1	3213
1	3240
1	3206
0	3998
1	2761
1	144
0	649
1	680
0	1447
1	2221
1	220
1	4279
0	3258
1	2671
1	335
1	3325
1	2662
1	3008
1	3117
1	354
1	3229
1	221
1	2443
1	1468
1	367
1	70
1	3075
1	1645
1	4567
1	1615
1	4588
1	1850
1	1932
1	4511
1	4499
1	3212
1	2128
1	259
1	1156
1	1843
1	935
1	1230
1	20
1	5521
1	3748
1	3920
1	1103
1	1519
1	2065
1	2510
1	1876
0	149
1	2546
1	951
1	2215
1	2125
1	1630
1	631
1	996
1	701
1	2153
1	2182
1	201
1	1600
1	2094
1	1654
1	1987
1	843
0	1895
1	5535
1	618
1	2638
0	1210
1	668
1	348
1	1591
1	422
0	49
1	1769
1	414
1	702
1	2117
1	3297
1	822
1	2241
1	2149
1	2295
1	1063
1	2087
0	1978
1	1688
1	2571
1	23
1	4470
1	2945
1	978
1	1376
0	965
1	1236
1	2473
1	4934
1	1064
1	2779
1	585
1	586
1	1891
1	165
1	519
1	2026
1	1366
0	2081
1	782
1	749
1	132
1	1127
1	2754
1	1747
1	941
1	1867
0	755
1	541
1	1655
1	1319
1	1698
1	880
1	202
1	1939
1	2031
1	362
1	1883
1	1355
1	750
0	2126
1	763
1	2483
1	1261
1	1010
1	1817
1	2568
1	650
1	391
1	1927
1	1093
0	591
1	527
1	1990
1	157
1	1486
1	1000
1	336
0	1555
1	1708
0	1351
1	2462
1	2190
0	2097
1	2258
1	573
1	1720
1	4612
1	4449
1	1969
1	1469
1	1277
1	1425
0	2543
0	4591
1	4614
1	642
1	1954
1	1041
1	1810
1	744
1	216
1	2596
1	1535
1	1640
1	1562
1	1689
1	2176
1	1819
1	2229
1	734
1	176
1	774
1	2111
1	1590
1	1597
1	2487
1	2024
1	2161
1	309
1	1553
1	1467
1	740
1	555
1	1173
1	1150
1	2840
1	4498
1	4450
1	2477
1	530
1	4609
1	1347
1	1284
1	553
1	1080
1	2142
1	4437
1	497
1	575
1	1257
1	1269
1	1354
1	1274
1	437
1	1495
1	474
1	426
1	10
1	139
1	976
1	1912
0	581
1	66
1	716
1	411
1	773
1	496
1	73
1	780
1	326
1	436
0	217
1	130
1	566
1	983
1	394
1	244
1	1313
1	237
1	919
1	995
1	302
1	473
1	2589
1	2259
0	1397
1	1358
1	1421
1	43
1	325
1	2316
1	1889
1	5297
1	1195
1	580
0	1837
1	383
1	1621
1	879
1	160
1	598
0	679
1	1881
1	5478
1	4547
1	1596
1	889
1	1008
1	1226
0	1246
1	1207
1	800
1	1487
1	1420
1	1772
1	1419
1	291
1	522
1	2163
1	608
0	1042
1	899
0	1316
1	377
1	346
1	1155
1	5525
0	1256
1	2597
1	1701
1	547
1	715
1	1505
1	1740
1	1220
1	159
1	656
1	2314
1	2509
1	1245
1	1051
1	1142
1	349
1	2489
1	1995
1	404
1	72
1	88
1	948
0	4510
1	4552
1	759
1	2123
1	2454
1	2395
1	2587
1	5580
1	1389
1	4462
1	4616
1	1862
1	2139
1	1394
1	2373
1	3360
1	1880
1	1034
1	982
1	1617
1	345
1	2931
1	1410
0	5581
1	892
1	2555
1	1657
1	2508
1	3303
1	537
1	2500
0	955
1	2216
1	974
1	796
1	4476
1	1833
1	1999
1	615
1	1529
1	998
1	1662
1	1012
1	1988
1	587
0	5200
1	2831
1	2871
1	2921
1	2056
1	4669
1	2624
0	937
0	739
0	1595
1	2677
1	2782
1	1644
1	561
0	1902
1	917
1	1494
1	2036
0	3762
1	2254
1	546
1	4139
0	2584
1	425
1	597
1	3283
1	1789
1	2907
1	4495
1	4461
1	981
1	1643
1	607
1	1017
1	845
0	2109
0	2329
0	4585
1	315
1	2279
1	4573
1	772
0	2470
1	2681
1	4204
1	2102
0	3946
1	2352
0	878
0	410
1	2578
0	1133
0	1125
0	2460
1	2034
1	6
0	1033
0	2485
0	5128
1	1523
0	1498
0	2520
0	637
1	1050
1	1730
1	1602
1	1973
1	1032
1	2168
1	2179
0	467
1	1762
1	987
1	1836
1	655
1	984
1	1268
1	2021
1	2637
1	2199
1	2076
1	1341
1	1473
1	2010
0	2441
1	2507
0	2425
1	2574
1	877
0	2132
1	1964
0	1807
1	4815
1	5517
1	1693
1	613
1	2115
0	1163
1	1815
1	1162
1	1283
1	1368
1	1472
1	2121
1	1925
1	1291
1	1297
1	4576
1	2897
1	2096
1	544
1	4531
1	4532
1	4480
1	4444
1	3066
1	4534
1	1061
1	5140
0	87
1	1240
0	4522
1	4535
1	3785
1	2308
1	483
1	2131
1	224
1	301
1	1361
1	4611
1	2593
1	2103
1	1022
1	5233
1	2438
1	529
1	2195
1	1901
0	2419
1	4558
1	4586
1	4601
1	1060
1	1206
1	5495
1	1700
1	871
1	1528
1	565
1	2732
1	1267
1	1578
1	1252
0	914
1	690
1	51
1	1413
1	1025
0	1652
1	117
1	5206
1	2518
1	5029
1	524
1	2246
1	2171
1	1046
1	492
1	1360
1	146
1	5522
1	1904
1	1787
1	751
1	2256
1	50
1	2235
1	153
1	2286
1	795
1	2101
1	3314
0	93
1	2281
1	128
1	1637
1	2562
1	2082
1	1748
1	2075
0	4544
1	1203
1	2192
1	1076
1	1666
1	867
1	5553
1	158
1	452
1	1300
1	5500
1	811
1	1087
1	1609
1	1312
1	2496
1	1961
1	1721
1	282
1	3259
1	247
1	1367
1	1679
1	242
1	1115
0	606
0	866
1	2151
1	463
1	1345
1	1296
1	1356
1	1086
1	1521
1	2038
1	1950
1	533
1	1405
0	2078
0	2619
1	3290
1	133
1	2160
1	2071
1	825
1	2129
1	778
1	2203
1	2595
1	891
1	2210
1	2393
1	2721
1	2236
1	1177
1	1401
1	1001
1	107
1	2030
1	8
1	619
1	1188
1	5191
1	1084
1	1490
0	5591
1	1608
1	1859
1	605
1	2949
1	2823
0	4541
1	2206
1	2633
1	1485
1	2310
1	2205
0	819
1	2213
1	1977
1	2080
1	2276
1	1520
1	2114
1	4599
1	1838
1	2340
1	2439
0	4497
1	4548
1	5195
1	3613
1	2420
1	4157
1	720
1	1201
1	2440
1	997
1	821
1	1866
1	300
1	1375
1	2541
1	2243
1	2424
1	1182
1	1085
1	851
1	852
1	2533
1	1877
1	904
1	1295
1	1743
1	2392
1	1315
1	2162
1	804
1	1338
1	743
1	1545
1	1511
1	956
1	632
1	4100
1	2027
1	1424
1	4556
1	1616
1	3351
1	738
1	1183
1	2209
1	3006
1	4526
1	707
1	4572
1	4579
1	106
1	4331
1	490
1	397
1	1322
1	1109
1	2208
1	1998
1	379
1	22
1	5595
1	5497
1	5498
1	5496
1	4964
1	4966
1	4963
1	4965
1	5417
1	5420
1	5422
1	5421
0	5415
0	5414
0	5419
0	5416
0	5418
0	3452
0	3447
0	3439
0	3464
0	3469
0	3422
0	3438
0	3468
0	3471
1	3470
0	3461
0	3472
0	3437
0	3445
1	3448
0	3443
0	3442
0	3436
1	3433
0	3435
0	3458
0	3449
0	3462
0	3467
1	3466
0	3440
1	3423
0	3441
1	3420
0	3456
0	3457
0	3446
0	3455
0	3444
1	3429
0	3431
1	3434
0	3421
0	3427
0	3451
1	3419
1	3425
1	3453
0	3459
0	3430
0	3450
0	3460
1	3424
0	3463
0	3465
1	3428
1	3454
0	3426
0	4950
0	4946
0	4947
0	4948
1	4949
0	4945
0	5563
0	5493
0	5486
1	5512
0	5551
0	5552
1	5408
1	5411
0	5409
1	5413
0	5412
1	5410
0	5513
0	5514
0	5530
0	4757
1	4760
0	4762
0	4763
0	4758
1	4765
0	4764
0	4761
0	4759
1	4754
0	4766
0	4756
0	5506
0	5505
0	5122
0	5121
1	5466
1	5587
1	3400
0	3403
0	3399
1	3402
0	3398
0	5386
1	5385
0	5383
0	5384
1	5380
0	5381
0	5382
1	5387
0	5388
1	5049
0	5061
1	5047
0	5045
0	5063
0	5044
0	5054
0	5062
1	5051
1	5046
1	5043
0	5064
0	5055
0	5058
0	5052
0	5053
0	5065
0	5050
0	5059
0	5056
1	5578
0	5445
1	5390
1	5538
0	4073
0	4074
0	4078
0	4075
0	4071
0	4072
0	4077
0	4076
0	5241
1	5243
1	5244
1	5248
0	5251
0	5246
0	5242
0	5239
0	5249
0	5245
0	5240
1	5250
0	5247
0	5531
0	5532
0	5107
0	5108
0	5133
1	5136
0	5132
0	5137
0	5135
0	5134
1	5131
0	5114
1	5400
0	5401
0	5398
0	5399
1	5145
0	5142
0	5143
1	5150
0	5148
0	5138
0	5152
0	5151
0	5141
0	5149
1	5146
1	5144
0	5147
0	5139
0	5443
0	5442
1	5444
0	5544
0	5545
0	5543
1	4735
0	3417
0	3410
0	3409
0	3412
0	3416
1	3418
1	3415
0	3413
1	3414
1	3411
0	5175
1	5173
0	5174
1	5171
0	5172
0	5186
0	5190
1	5187
0	5188
0	5189
0	4304
0	4307
0	4308
0	4306
0	4310
0	4305
0	4311
0	4309
0	5266
1	5264
1	5275
1	5269
0	5261
0	5277
0	5274
0	5268
0	5262
0	5265
0	5271
0	5267
0	5276
0	5273
0	5272
0	5270
0	5263
0	5154
1	5155
0	5156
0	5404
1	5403
0	5509
0	5194
0	3768
0	3769
0	3770
1	3771
1	3787
0	3750
0	3791
0	3803
0	3804
0	3795
0	3805
1	3786
0	3794
0	3796
1	3758
0	3800
1	3792
0	3788
0	3797
1	3774
0	3798
0	3784
0	3781
0	3790
0	3749
1	3779
0	3754
0	3793
1	3801
0	3746
0	3747
0	3789
0	3780
0	3777
0	3776
0	3759
0	3773
0	3751
1	3772
0	3752
0	3753
0	3757
0	3765
0	3802
0	3764
1	3782
1	3783
0	3756
0	3745
1	3799
1	3767
0	3763
1	3760
0	5589
0	5379
0	5082
1	5088
1	5077
0	5102
0	5091
0	5078
1	5099
1	5086
1	5101
1	5075
0	5100
1	5076
0	5084
0	5095
0	5103
0	5096
1	5093
0	5081
1	5090
0	5085
0	5083
0	5079
1	5080
0	5087
1	5092
1	5089
0	5094
0	5097
1	5098
0	4957
0	4960
1	4961
0	4962
0	4959
0	4958
0	5523
0	5229
0	5231
0	2668
0	2770
0	2711
0	2822
0	2716
0	2827
0	2747
0	2701
0	2873
0	2961
0	2908
0	2903
0	2742
0	2941
0	2669
0	2758
0	2965
0	2651
1	2895
0	2893
1	2892
0	2888
1	2944
0	2857
0	2934
0	2856
0	2859
0	2863
0	2916
0	2861
0	2855
0	2838
0	2750
0	2808
0	2777
0	2868
1	2894
0	2828
0	2924
0	2839
0	2739
0	2708
0	2664
0	2724
0	2712
0	2977
0	2923
0	2953
0	2975
0	2655
0	2841
0	2773
0	2862
0	2978
0	2714
0	2805
0	2810
0	2813
1	2834
0	2797
0	2899
0	2960
0	2853
0	2891
0	2685
0	2749
0	2672
0	2729
0	2658
0	2696
1	2869
1	2865
0	2688
0	2709
0	2753
0	2764
0	2727
0	2663
0	2811
0	2676
1	2832
0	2649
0	2980
0	2762
0	2783
0	2774
0	2713
0	2733
0	2824
1	2675
0	2722
0	2731
0	2796
0	2686
0	2771
0	2717
0	2784
0	2725
1	2726
0	2876
0	2699
1	2795
1	2974
1	2866
0	2901
1	2665
0	2682
1	2680
0	2819
0	2702
0	2875
0	2935
0	2940
0	2860
0	2683
0	2946
1	2821
0	2705
0	2652
0	2660
0	2706
0	2926
0	2851
0	2922
0	2818
0	2690
0	2969
0	2905
0	2900
0	2666
0	2752
1	2913
0	2958
0	2806
0	2927
0	2657
0	2906
1	2817
0	2967
0	2673
0	2741
0	2843
0	2798
0	2914
0	2886
0	2803
0	2917
0	2815
0	2780
0	2659
0	2789
1	2787
0	2775
0	2661
0	2653
0	2654
0	2756
0	2825
0	2698
0	2842
1	2772
0	2697
0	2691
0	2963
0	2799
0	2877
0	2889
0	2885
0	2730
0	2648
0	2746
0	2788
0	2826
0	2737
1	2835
1	2948
0	2829
0	2800
0	2864
0	2968
0	2932
0	2947
0	2807
0	2937
0	2812
0	2765
0	2910
0	2951
0	2738
0	2837
0	2878
0	2882
1	2867
0	2879
0	2844
0	2755
0	2692
0	2720
0	2929
0	2915
0	2848
0	2919
0	2801
0	2902
0	2930
0	2740
0	2952
0	2791
0	2766
0	2650
1	2833
1	2845
0	2707
0	2925
0	2656
1	2981
0	2670
0	2883
0	2880
0	2884
1	2911
0	2678
0	2684
0	2971
0	2790
0	2674
1	2898
1	2778
0	2776
0	2763
1	2804
0	2786
0	2936
0	2734
1	2920
0	2735
0	2874
1	2785
0	2760
1	2962
0	2928
0	2881
0	2933
1	5207
0	5208
0	5397
0	4667
0	4668
1	5583
0	5192
0	5425
1	5423
0	5424
0	4372
1	4360
0	4366
0	4369
0	4373
0	4367
0	4364
0	4361
0	4359
0	4371
0	4370
0	4368
0	4374
0	4363
1	4362
0	4365
0	4661
0	4651
0	4652
1	4655
1	4660
1	4658
0	4656
1	4653
0	4657
0	4654
0	4659
0	4939
0	4929
0	4941
0	4931
0	4943
0	4930
0	4942
0	4937
0	4932
0	4928
0	4926
1	4938
0	4944
0	4940
0	4936
0	4927
0	5184
1	5185
0	5402
1	1026
0	1067
0	1068
0	1057
0	1058
1	1077
0	1454
0	1668
0	1059
1	1021
1	33
0	234
1	1078
0	520
0	1266
0	2353
0	466
0	435
1	896
0	266
1	1541
0	110
0	1799
1	1094
0	111
0	471
0	888
0	827
1	579
1	1620
0	446
0	684
0	709
1	710
0	711
1	712
0	1027
0	688
0	285
0	34
1	713
0	714
0	2349
1	897
0	689
0	2204
0	308
1	1016
1	314
1	481
0	863
1	980
1	512
1	1233
1	2252
0	54
0	400
0	2198
0	369
0	1212
0	1724
0	1450
0	2576
0	1626
0	112
1	1829
1	1780
0	1722
0	928
0	2480
0	1594
0	2350
1	198
0	267
0	678
1	4
0	1119
0	1049
0	929
1	521
0	1791
0	2008
0	2488
0	1198
0	1205
0	1113
0	947
0	1007
0	252
0	2225
0	626
1	1777
1	1194
1	2315
0	2305
0	1154
0	401
0	1946
0	828
0	1814
0	47
0	1218
0	596
0	472
0	1725
0	344
0	261
0	249
0	543
0	535
0	536
1	1106
1	424
0	2354
0	2358
0	994
1	1219
0	1933
0	2359
0	2388
0	67
0	1134
0	1546
0	1149
0	121
0	954
0	545
0	402
0	459
0	361
0	614
0	403
0	691
0	975
0	1474
0	2553
0	834
0	1434
0	2223
0	729
0	699
0	193
0	1712
0	276
0	1234
0	1755
0	2017
1	2283
0	15
0	567
0	1035
0	1377
0	68
0	1846
0	1167
0	1018
0	447
0	187
0	786
0	1462
0	1334
0	1773
0	900
0	2343
0	644
0	351
0	89
0	62
0	177
0	135
0	218
0	327
0	292
0	210
0	417
0	181
0	188
0	775
0	122
0	113
0	167
0	476
0	35
0	123
0	577
0	316
0	358
0	287
0	293
0	1482
1	1548
0	75
0	1435
0	1380
0	124
0	1431
0	103
0	864
0	1952
0	658
0	1199
0	1587
0	2416
0	1706
0	1412
0	99
0	90
0	385
0	271
0	16
0	225
0	5
0	860
0	195
0	7
0	125
0	161
0	246
0	2348
0	95
0	17
1	83
0	1122
0	1123
0	1101
0	2345
0	1515
0	163
0	76
0	388
0	705
0	506
0	352
0	725
0	1659
0	1685
0	1307
0	746
0	2559
0	628
0	686
1	56
0	2230
0	2212
0	1675
0	2381
0	815
0	114
0	148
0	507
0	256
0	396
0	816
0	9
0	933
0	184
0	961
0	938
0	48
0	943
0	915
0	939
0	909
0	962
0	934
0	454
1	170
0	428
0	2334
0	2306
0	2012
0	164
0	675
0	1606
0	1607
0	14
0	2059
0	903
0	205
0	2513
0	2164
0	753
1	802
0	694
0	526
0	1786
0	273
0	2174
0	104
1	155
0	265
0	972
0	516
0	517
0	186
0	767
0	183
0	173
0	443
0	440
0	518
0	1406
0	212
0	213
0	42
0	156
0	1171
0	138
0	1097
1	1304
0	1665
0	1335
0	1428
0	590
0	368
0	870
0	924
0	24
0	1916
0	2095
0	758
1	623
0	2105
0	558
0	296
0	413
0	665
0	1202
1	363
0	847
0	1243
0	92
0	777
0	838
0	669
0	131
0	278
0	1044
0	380
0	398
0	115
0	1756
0	2332
0	2319
0	1039
0	592
0	444
0	290
0	337
1	687
0	708
0	1359
0	1839
0	1020
0	2083
0	1262
0	1255
0	661
0	1263
0	1237
0	1223
0	1288
0	1231
0	1289
0	1943
0	97
0	11
1	1433
0	2526
0	2565
0	2383
0	2297
0	1417
0	1369
0	342
0	593
0	2304
0	2092
0	1622
0	651
0	145
0	1104
0	12
0	1385
0	876
0	2339
0	311
0	881
0	206
0	563
0	374
0	2514
0	1290
0	2436
0	2106
0	1512
0	2456
1	1204
1	952
1	793
0	1372
0	1116
0	612
0	2451
1	215
0	1683
0	1948
0	203
1	1047
1	283
0	1848
0	682
1	1357
0	769
0	1141
0	727
0	913
0	382
0	1540
0	542
1	78
0	432
0	1244
0	765
0	118
0	1146
0	1448
0	887
0	71
0	433
0	2050
1	1415
0	2418
0	364
0	79
0	1158
0	1560
0	32
0	1055
0	98
0	564
0	601
0	1860
0	2029
0	1048
0	1588
0	1466
0	1346
0	392
0	2
0	312
0	728
0	150
1	1750
0	2394
0	1278
0	415
0	356
0	1526
0	53
0	916
0	445
0	1601
1	2072
0	1110
0	1117
0	1092
0	832
0	1071
0	1190
1	1056
0	1991
0	747
0	1871
0	2311
0	25
1	1561
1	1479
0	620
0	966
0	2037
1	905
0	39
0	652
0	375
0	799
0	967
0	65
0	464
0	26
1	453
0	2333
0	1824
1	953
0	594
0	595
0	653
0	494
0	1658
0	274
1	2188
0	393
0	3
0	313
0	2090
0	2355
0	2527
0	1849
0	1131
0	1132
0	2386
0	2367
0	2357
0	236
0	119
0	192
0	2275
0	376
0	129
0	1671
0	2346
0	857
0	60
0	1584
0	85
0	1337
0	5567
0	5584
0	5452
0	5453
0	5450
0	5454
0	5451
1	5582
0	5524
0	5040
0	5041
0	5042
0	5520
0	5518
0	5519
0	5109
0	5112
0	5110
0	5111
0	5113
0	4348
0	4347
0	4349
0	3846
0	3856
0	3817
0	3824
0	3945
0	3865
0	3829
0	3831
0	3806
0	3815
0	3822
0	3821
0	3830
0	3899
0	3901
0	3825
0	3843
0	3884
1	3912
0	3875
1	3841
0	3808
0	3872
0	3813
0	3823
0	3858
0	3862
0	3863
0	3828
0	3859
0	3860
0	3847
0	3948
1	3811
0	3810
0	3889
0	3922
0	3907
0	3949
0	3926
0	3882
0	3868
0	3942
0	3877
0	3939
0	3944
0	3930
0	3876
0	3885
0	3834
0	3896
0	3917
1	3895
0	3900
0	3838
0	3844
0	3814
0	3947
0	3855
0	3906
0	3932
0	3940
0	3887
0	3936
0	3903
0	3832
0	3934
0	3827
0	3923
0	3931
1	3840
0	3807
0	3837
0	3850
0	3898
1	3857
0	3835
1	3816
0	3842
0	3950
1	3937
0	3897
0	3918
0	3902
0	3913
0	3891
1	3919
1	3870
0	3836
0	3878
0	3894
1	3910
0	3809
0	3873
0	3839
0	3927
0	3861
0	3935
0	3938
0	3820
0	3943
0	3924
0	3833
0	3845
0	3812
0	3874
0	3866
0	3916
0	3853
0	3933
0	3826
0	3888
1	3890
0	3892
0	3928
0	3879
0	3915
0	3908
0	3869
0	3848
0	3849
0	3871
0	3851
0	3941
0	3880
0	3893
0	3905
0	3929
0	3864
0	3881
0	3883
0	3819
0	4300
0	4288
0	4283
0	4302
0	4274
0	4278
0	4296
0	4268
0	4287
0	4294
0	4292
0	4275
0	4298
0	4297
0	4303
0	4301
1	4272
0	4277
0	4284
1	4280
0	4299
0	4291
0	4281
0	4293
0	4286
0	4270
1	4289
0	4276
0	4295
1	4290
0	4271
0	4269
1	4267
1	4285
0	4273
0	4282
0	4835
1	4901
0	4878
1	4854
0	4837
1	4841
1	4831
0	4826
1	4832
0	4836
0	4874
1	4847
1	4889
0	4842
0	4861
0	4859
0	4894
0	4895
1	4898
0	4858
1	4885
0	4888
0	4827
0	4900
1	4853
0	4892
0	4869
0	4840
0	4839
0	4865
0	4880
0	4868
1	4867
1	4886
1	4881
1	4897
1	4879
0	4893
1	4845
1	4828
1	4856
1	4871
1	4863
0	4904
1	4823
0	4862
0	4864
0	4846
1	4870
1	4902
1	4891
0	4872
1	4883
0	4833
0	4851
1	4849
1	4890
0	4899
0	4896
1	4875
0	4866
1	4843
0	4860
0	4824
1	4877
1	4876
1	4829
1	4830
1	4903
0	4873
0	4825
0	4884
0	4882
0	4852
0	4857
0	4855
0	4850
0	4887
0	4848
0	4844
0	4838
0	4834
0	5441
0	5489
0	5481
0	3671
0	3572
0	3611
0	3619
0	3647
0	3646
0	3593
0	3623
0	3588
0	3559
0	3635
0	3662
0	3685
1	3638
0	3589
0	3607
0	3651
0	3708
0	3675
0	3629
0	3628
0	3630
0	3626
0	3631
0	3681
0	3602
0	3575
0	3632
0	3641
0	3677
0	3568
0	3617
0	3597
0	3562
0	3576
0	3598
0	3622
0	3692
0	3657
0	3577
0	3583
0	3580
1	3565
0	3595
0	3581
0	3669
0	3645
0	3642
0	3673
0	3636
0	3649
0	3655
1	3711
0	3571
0	3591
0	3603
0	3654
0	3664
0	3560
0	3679
0	3703
1	3616
0	3599
1	3584
0	3614
0	3696
0	3604
1	3573
0	3596
1	3624
1	3643
1	3668
0	3666
0	3691
0	3674
0	3676
0	3678
0	3627
0	3563
1	3659
0	3695
0	3680
0	3687
0	3714
0	3600
0	3561
1	3686
0	3612
0	3639
0	3640
0	3704
0	3700
0	3566
0	3609
0	3618
0	3658
1	3688
0	3706
0	3702
0	3707
0	3620
0	3592
0	3610
0	3637
0	3709
0	3625
0	3672
0	3605
1	3661
0	3585
0	3656
0	3670
1	3698
0	3701
0	3633
0	3570
0	3648
1	3712
0	3601
0	3690
0	3667
0	3650
0	3660
0	3710
0	3644
0	3564
0	3579
0	3586
0	3663
0	3665
0	3713
0	3699
0	3582
0	3590
0	3578
0	3569
0	3653
0	3608
0	3621
0	3587
0	3615
0	5479
0	5480
0	5477
0	3143
0	3128
0	3135
0	3129
0	3131
0	3118
0	3132
0	3139
1	3175
0	3110
0	3113
0	3112
0	3108
0	3184
0	2984
0	3138
0	3079
0	3083
0	3074
0	3007
0	3000
0	3114
0	3073
0	3179
0	3017
0	3162
0	3109
0	3158
0	3097
0	3055
0	3106
0	3077
1	3173
0	3027
0	3111
0	3100
0	3092
0	2983
0	3085
0	3167
0	3095
0	3014
0	3186
0	3134
0	2985
0	3133
0	3081
0	3124
1	3061
0	3062
0	3069
0	3046
0	3151
0	3020
0	2988
0	3103
0	3101
0	3154
0	2998
0	3010
0	2992
0	3023
0	3037
0	3045
0	3060
0	3169
0	2991
0	3099
0	3159
0	3105
0	3015
0	3040
0	2995
0	3011
0	3041
0	3049
0	3094
0	3016
0	3050
0	3150
0	3058
0	3043
0	3031
0	3125
0	3090
1	3104
0	2994
0	3035
0	3121
0	3126
0	2996
1	3018
0	3064
0	3003
0	3053
0	3024
0	3029
0	2999
0	3065
0	3036
1	3001
0	3130
0	3038
0	3188
0	3174
0	3168
0	2987
0	3145
0	3156
0	3136
0	3171
0	3068
0	3119
0	3147
0	3144
0	3039
0	3059
0	3187
0	3164
1	3019
0	3082
0	3183
0	3153
0	3149
1	3181
0	3052
0	3070
0	3021
0	3012
0	3165
0	3072
0	3013
0	3051
0	3009
0	3030
0	3076
0	2989
0	3166
0	2986
0	3067
0	3047
0	3034
0	3152
0	3028
0	3116
0	3172
0	3120
0	3140
0	3122
0	3185
0	3163
0	3032
0	3180
0	2982
0	3048
0	3189
0	3177
0	3054
1	3182
0	3148
0	3071
0	3176
0	3086
0	3026
0	3080
0	3098
0	3096
0	3157
0	3127
0	3141
0	2997
0	3155
0	3142
0	3107
0	3002
0	3063
0	3005
0	2993
0	3025
0	3042
0	3115
0	3078
0	2990
0	3170
0	3033
0	4779
0	4773
0	4781
0	4776
0	4774
0	4770
0	4777
0	4771
0	4768
0	4778
0	4769
0	4775
1	4780
0	4772
0	4767
0	4922
0	4924
0	4919
0	4914
0	4920
0	4916
1	4917
0	4915
0	4918
0	4923
0	4913
0	4925
1	4921
1	5170
1	5169
1	5176
1	5177
1	5178
1	5180
1	5179
0	5586
1	5235
1	5236
1	5238
1	5237
1	5165
1	5161
1	5166
1	5163
1	5159
1	5157
1	5158
1	5167
1	5162
1	5164
1	5160
1	4326
1	4327
1	4328
1	4329
1	4317
1	4343
1	4330
1	4333
0	4341
1	4335
1	4334
1	4336
0	4340
1	4324
1	4319
1	4315
1	4325
1	4338
1	4337
1	4346
1	4342
1	4332
1	4321
1	4320
1	4318
1	4345
1	4344
1	4339
1	4312
1	4323
1	4313
1	4314
1	5564
1	5565
1	5449
1	5446
1	5448
1	5447
1	5499
1	4910
1	5464
1	5462
1	5463
1	5465
1	5389
1	5592
1	5593
1	5594
1	3968
0	3964
1	3955
1	3951
1	3952
1	3981
1	3966
1	3953
1	3958
1	3973
1	3963
1	3959
1	3970
1	3974
1	3962
1	3960
1	3978
1	3957
1	3967
1	3975
1	3976
1	3980
1	3954
1	3983
1	3979
1	3965
1	3969
1	3977
0	3984
1	3971
1	3972
1	3961
1	3956
1	5590
1	5501
1	5504
1	5502
1	5503
1	5472
1	5470
1	5469
1	5471
1	5468
1	5210
1	5209
1	5212
1	5211
1	5072
1	5074
1	5069
1	5067
1	5068
1	5070
1	5071
1	5031
1	5036
1	5037
1	5024
1	5033
1	5034
1	5038
1	5030
1	5028
1	5035
1	5025
1	5032
1	5039
1	5026
1	5027
1	5023
1	5572
1	5127
1	5126
1	5125
1	5124
1	5123
1	5259
1	4665
1	4662
1	4663
1	4664
1	4666
1	4411
1	4429
1	4415
1	4442
1	4409
1	4417
1	4378
1	4433
1	4427
1	4418
1	4398
1	4436
1	4422
1	4405
1	4435
1	4426
1	4421
1	4438
1	4404
1	4401
1	4441
1	4420
0	4419
0	4432
0	4412
0	4393
0	4397
0	4440
0	4380
0	4385
0	4388
0	4379
0	4390
0	4384
0	4410
0	4391
0	4416
0	4406
0	4381
0	4414
0	4430
0	4377
0	4439
0	4431
0	4424
0	4399
0	4375
0	4387
0	4376
0	4402
0	4413
0	4394
0	4396
0	4392
0	4395
0	4403
0	4386
0	4425
0	4383
0	4407
0	4400
0	4382
0	4434
0	4423
0	4408
0	4186
0	4189
0	4145
0	4181
0	4177
0	4120
0	4107
1	4119
0	4165
0	4125
0	4136
0	4140
0	4153
0	4175
0	4184
0	4176
0	4198
0	4179
0	4182
0	4180
0	4159
0	4164
0	4110
0	4117
0	4138
0	4121
0	4188
0	4116
0	4196
0	4200
0	4103
0	4113
0	4126
0	4169
0	4207
0	4178
0	4104
0	4151
0	4122
0	4163
0	4127
0	4202
0	4111
0	4170
0	4131
0	4167
0	4132
0	4147
0	4192
0	4187
0	4146
0	4155
0	4135
0	4133
0	4114
0	4149
0	4152
0	4108
0	4201
1	4193
0	4190
1	4203
0	4143
0	4142
0	4161
0	4144
0	4137
0	4134
1	4128
0	4185
0	4168
0	4106
1	4191
0	4197
0	4194
0	4205
0	4118
0	4115
1	4105
0	4141
0	4174
0	4109
0	4123
0	4172
0	4162
0	4171
0	4160
0	4130
0	4206
0	4112
0	4124
0	4746
0	4741
1	4739
0	4737
0	4744
0	4743
0	4753
0	4738
0	4745
0	4750
0	4742
0	4749
0	4751
0	4748
0	4747
0	4736
0	4752
0	5588
0	5377
0	5378
0	5278
0	5279
0	5455
0	4543
0	4479
0	4475
0	4516
0	4451
0	4786
0	4785
0	4783
0	4789
0	4790
0	4793
0	4784
0	4787
0	4788
0	4782
0	4791
1	5528
0	5527
0	5526
0	5457
0	5456
0	5487
0	5253
0	5254
0	5252
0	5255
0	5426
0	5436
0	5434
0	5437
0	5431
0	5428
0	5435
0	5427
0	5439
0	5429
0	5438
0	5430
0	5440
1	5433
0	5432
0	4357
0	4358
0	4354
0	4353
0	4351
0	4352
0	4356
0	5597
0	5596
0	5559
0	5511
0	5510
0	5461
0	5460
0	5458
0	5459
0	5549
0	5577
0	5576
0	5257
0	5256
0	5258
0	3544
0	3530
0	3531
0	3542
0	3554
0	3499
0	3497
0	3540
0	3553
0	3541
0	3490
0	3480
0	3536
0	3533
0	3548
0	3534
0	3545
0	3516
0	3539
0	3528
0	3537
0	3504
0	3547
0	3501
0	3518
0	3510
0	3511
0	3512
0	3522
0	3521
0	3538
0	3507
0	3473
0	3493
0	3485
0	3481
0	3482
0	3479
0	3552
0	3496
0	3483
0	3543
0	3505
0	3474
0	3488
0	3477
0	3478
0	3555
0	3520
0	3517
0	3524
0	3556
0	3508
0	3495
0	3491
0	3525
0	3486
0	3502
0	3498
0	3487
0	3527
0	3515
0	3519
0	3557
0	3489
0	3503
0	3535
0	3532
0	3500
0	3549
0	3550
0	3558
0	3523
0	3476
0	3484
0	3529
0	3514
0	3509
0	3492
0	3494
0	3513
0	3546
0	5555
0	5554
0	5556
0	4911
0	4912
0	4645
0	4625
0	4644
0	4646
0	4622
0	4632
0	4633
1	4628
1	4627
1	4623
0	4619
0	4624
0	4630
0	4635
0	4629
0	4634
0	4643
0	4636
0	4620
0	4626
0	4642
0	4631
0	4640
0	4639
0	4641
0	4621
0	4637
0	4638
0	5573
0	5066
0	4062
0	3997
0	4001
0	3990
0	4028
0	4015
0	4064
0	4000
0	4018
0	3996
0	4027
0	3993
0	4029
0	4053
0	4059
0	4060
0	4047
0	4065
0	4011
0	4017
0	4032
0	4021
0	4012
0	4004
0	4009
0	4002
0	4048
0	4033
0	3986
0	4049
0	4056
0	4055
0	4025
0	3988
0	3991
0	3994
0	3987
0	4019
0	4016
0	4006
0	3989
0	4023
0	4024
1	4030
0	4031
0	4045
0	4039
0	4098
0	4087
0	4090
0	4097
0	4091
0	4092
0	4085
0	4093
0	4081
0	4083
0	4080
0	4099
0	4086
0	4089
0	4101
0	4084
0	4082
0	4079
0	4088
1	4094
0	4096
0	4102
0	4095
0	5394
0	5391
0	5395
1	5392
0	5396
0	5393
0	5579
0	5228
0	5223
0	5226
0	5224
0	3317
0	3353
0	3386
0	3393
0	3272
0	3249
0	3235
0	3309
0	3284
0	3365
0	3316
1	3194
0	3385
0	3227
0	3245
0	3382
0	3370
0	3367
0	3354
0	3211
1	3263
0	3252
0	3372
1	3356
0	3343
0	3347
0	3375
0	3257
0	3247
0	3282
0	3208
0	3280
0	3254
0	3373
0	3270
0	3190
1	3217
0	3278
0	3274
0	3228
0	3392
0	3342
0	3341
0	3218
0	3388
0	3369
0	3321
0	3195
0	3374
0	3261
0	3322
0	3323
0	3312
0	3251
0	3243
0	3209
0	3286
0	3287
0	3268
0	3288
0	3391
0	3307
0	3230
0	3348
0	3345
0	3329
0	3371
0	3331
0	3362
0	3368
0	3330
0	3203
0	3266
0	3244
0	3191
0	3238
0	3326
0	3346
1	3394
1	3192
1	3198
1	3335
1	3241
0	3210
0	3281
0	3289
0	3358
0	3361
0	3384
0	3207
0	3296
1	3304
0	3255
0	3250
0	3242
0	3219
0	3363
0	3221
0	3226
0	3299
0	3310
0	3236
0	3366
1	3232
0	3293
0	3383
0	3233
0	3256
0	3275
0	3246
0	3395
0	3315
0	3271
0	3222
0	3301
0	3239
0	3205
0	3302
0	3306
0	3291
0	3292
0	3381
0	3273
0	3248
0	3349
0	3193
0	3387
0	3352
0	3199
0	3380
0	3269
1	3264
0	3389
0	3204
0	3279
0	3202
0	3319
0	3200
0	3327
0	3267
0	3265
0	3214
0	3224
0	3390
0	3355
0	3311
0	3340
0	3344
0	3215
0	3379
0	3359
0	3298
0	3231
0	3300
1	3276
0	3324
0	5494
0	4649
1	4650
1	4648
1	4647
0	5193
0	5488
1	5217
0	5216
1	5215
0	5183
0	5182
0	5181
1	5566
0	4208
0	5516
0	5515
0	5550
0	5475
0	5474
1	5373
1	5375
0	5374
0	5376
0	5507
0	5508
0	5536
0	5537
0	4907
0	4905
0	4909
0	4906
1	4908
0	5571
1	5569
0	5568
0	5570
1	4234
0	4230
1	4215
1	4218
1	4226
0	4265
0	4250
0	4238
0	4240
0	4231
0	4227
0	4221
0	4223
0	4210
0	4249
0	4242
0	4258
0	4255
0	4236
0	4246
0	4232
0	4214
0	4212
0	4251
0	4254
0	4266
0	4243
0	4213
0	4233
0	4241
0	4256
0	4219
0	4247
0	4261
0	4253
0	4225
0	4264
0	4209
0	4222
0	4220
0	4237
0	4228
0	4224
0	4260
0	4248
0	4235
0	4216
0	4257
0	4252
0	4245
0	4262
0	4217
0	4211
0	4244
0	4259
0	4229
0	5491
0	5492
0	5260
0	4987
0	5020
0	4967
0	4977
0	4985
0	4980
0	4968
0	4988
1	4979
0	4986
0	5005
0	4994
0	4996
0	4995
0	5008
0	5011
0	5014
0	4992
0	4990
0	4989
1	5017
0	4997
0	5004
0	5015
0	4974
0	4993
0	5007
0	5016
0	5009
0	4975
0	4978
0	5003
0	5019
0	4970
0	5000
0	4984
0	4976
0	4998
0	4972
0	4982
0	4981
0	5018
0	4991
0	5001
0	5010
0	5002
0	4973
0	4969
0	4971
0	5012
0	5013
0	5021
1	5006
0	4983
0	5534
0	5533
0	5547
0	5548
0	5546
0	5561
0	5560
0	5482
0	5483
0	4952
0	4954
0	4953
0	4955
0	4951
0	4956
0	5104
1	5106
0	5105
0	5339
0	5317
0	5304
0	5332
0	5357
0	5284
0	5295
0	5299
0	5336
0	5352
0	5340
0	5325
0	5351
0	5286
0	5331
0	5291
0	5342
0	5344
0	5345
0	5343
0	5283
0	5306
0	5312
0	5282
0	5294
0	5334
0	5300
0	5290
0	5371
0	5321
0	5280
0	5369
0	5288
0	5367
0	5368
0	5303
0	5324
0	5372
0	5362
0	5360
0	5361
0	5338
0	5318
0	5346
0	5366
0	5315
0	5316
0	5319
0	5350
0	5305
0	5363
0	5330
0	5364
0	5320
0	5310
0	5335
0	5370
0	5356
0	5348
0	5322
0	5328
0	5329
0	5327
0	5285
0	5333
0	5311
0	5307
0	5298
0	5326
0	5337
0	5301
0	5302
0	5313
0	5358
0	5365
0	5354
0	5353
0	5355
0	5349
0	5314
0	5287
0	5292
0	5289
0	5347
0	5308
0	5296
0	5323
0	5281
0	5293
0	5153
0	5562
0	5575
0	5574
0	5218
0	5219
0	5220
0	3406
0	3408
0	3405
0	3407
0	3404
0	4813
0	4806
0	4822
0	4816
0	4796
1	4794
0	4809
0	4798
0	4804
0	4805
0	4821
1	4814
0	4807
0	4808
1	4811
0	4802
1	4800
0	4797
0	4812
0	4819
0	4817
0	4818
1	4820
1	4803
0	4799
0	4810
0	4801
0	4795
1	5221
0	5222
0	5129
0	5130
0	5205
1	5198
0	5203
0	5201
0	5204
0	5199
1	5406
0	5407
0	5405
0	5542
0	5541
0	5540
0	4728
0	4707
0	4689
0	4705
0	4701
0	4695
0	4719
0	4691
0	4682
0	4694
0	4713
1	4732
0	4673
0	4687
0	4709
1	4696
1	4685
0	4686
0	4680
1	4726
0	4708
0	4725
0	4729
1	4683
0	4679
0	4674
0	4698
0	4702
0	4681
1	4704
0	4715
0	4703
0	4676
1	4670
0	4677
0	4675
0	4688
0	4692
0	4710
0	4724
0	4690
0	4722
0	4731
0	4672
0	4671
0	4716
0	4714
1	4693
0	4678
0	4711
0	4700
0	4727
0	4706
0	4684
0	4697
0	4733
0	4712
0	4699
0	4720
0	4718
0	4717
0	3739
0	3730
0	3737
0	3722
0	3718
0	3734
0	3736
0	3732
0	3717
0	3719
0	3743
0	3740
0	3727
1	3726
1	3724
0	3720
0	3741
0	3733
1	3721
0	3729
0	3725
0	3728
0	3723
0	3731
1	3715
0	3742
0	3735
0	3744
0	5120
0	5557
0	5558
